%YAML:1.0
---
rvec: !!opencv-matrix
   rows: 1
   cols: 3
   dt: d
   data: [ 1.595992692, -0.6100476286, 0.5292089373 ]
tvec: !!opencv-matrix
   rows: 1
   cols: 3
   dt: d
   data: [ 0.03634794823, 0.1975227451, -0.03400039504 ]
R_mat: !!opencv-matrix
   rows: 3
   cols: 3
   dt: d
   data: [ 0.7520754, -0.6589689867, -0.01193596248, -0.08123259272, -0.07470758964, -0.9938913632, 0.6540518776, 0.7484508338, -0.1097154997 ]
T_cam_world: !!opencv-matrix
   rows: 4
   cols: 4
   dt: d
   data: [ 0.7520754, -0.6589689867, -0.01193596248, 0.03634794823, -0.08123259272, -0.07470758964, -0.9938913632, 0.1975227451, 0.6540518776, 0.7484508338, -0.1097154997, -0.03400039504, 0, 0, 0, 1 ]
cam_pos: !!opencv-matrix
   rows: 1
   cols: 3
   dt: d
   data: [ 0.01094690922, 0.06415624281, 0.1930196278 ]
rms: 1.0339416
