%YAML:1.0
---
rvec: !!opencv-matrix
   rows: 1
   cols: 3
   dt: d
   data: [ 0.8286822055, -1.790675196, 1.678067095 ]
tvec: !!opencv-matrix
   rows: 1
   cols: 3
   dt: d
   data: [ -0.03162764355, 0.1966372691, -0.03031597776 ]
R_mat: !!opencv-matrix
   rows: 3
   cols: 3
   dt: d
   data: [ -0.6622556511, -0.7489651365, 0.02164894759, -0.07018048192, 0.03323765376, -0.9969804202, 0.7459840163, -0.6617752509, -0.07457455825 ]
T_cam_world: !!opencv-matrix
   rows: 4
   cols: 4
   dt: d
   data: [ -0.6622556511, -0.7489651365, 0.02164894759, -0.03162764355, -0.07018048192, 0.03323765376, -0.9969804202, 0.1966372691, 0.7459840163, -0.6617752509, -0.07457455825, -0.03031597776, 0, 0, 0, 1 ]
cam_pos: !!opencv-matrix
   rows: 1
   cols: 3
   dt: d
   data: [ 0.01546974749, -0.05028612762, 0.1944674117 ]
rms: 1.0858297
